{
 "cells": [
  {
   "cell_type": "markdown",
   "id": "4dbfc49b",
   "metadata": {},
   "source": [
    "## 필요한 라이브러리 임폴트"
   ]
  },
  {
   "cell_type": "code",
   "execution_count": 1,
   "id": "ae77da20",
   "metadata": {},
   "outputs": [],
   "source": [
    "import pandas as pd\n",
    "import numpy as np"
   ]
  },
  {
   "cell_type": "markdown",
   "id": "46ac038b",
   "metadata": {},
   "source": [
    "## 데이터 불러오기"
   ]
  },
  {
   "cell_type": "code",
   "execution_count": 2,
   "id": "4774e33b",
   "metadata": {
    "scrolled": true
   },
   "outputs": [
    {
     "name": "stdout",
     "output_type": "stream",
     "text": [
      "        광역시도명  시군구명          날짜  시간대별 시간  강수 유형명   습도값  강수량 값   기온값  풍속값  \\\n",
      "0           0     4  2019-07-12       18       0  0.91    0.0  22.6  1.5   \n",
      "1           0     4  2019-07-19       21       0  0.63    0.0  28.6  2.1   \n",
      "2           0     4  2019-07-22       12       0  0.92    0.0  25.9  1.0   \n",
      "3           0     4  2019-07-22       15       0  0.96    0.0  24.4  0.1   \n",
      "4           0     4  2019-07-22       18       0  0.94    0.0  24.7  0.6   \n",
      "...       ...   ...         ...      ...     ...   ...    ...   ...  ...   \n",
      "129288      2    19  2020-07-31       19       1  0.98    1.0  24.4  0.8   \n",
      "129289      2    19  2020-07-31       20       0  0.98    0.0  24.4  1.1   \n",
      "129290      2    19  2020-07-31       21       0  0.97    0.0  24.8  1.5   \n",
      "129291      2    19  2020-07-31       22       0  0.95    0.0  25.2  1.9   \n",
      "129292      2    19  2020-07-31       23       0  0.96    1.0  25.3  1.4   \n",
      "\n",
      "        한식_배달건수  ...  찜탕_배달건수  도시락_배달건수  패스트푸드_배달건수  가장 많은 배달    년도  월   일  \\\n",
      "0             0  ...        0         0           0         8  2019  7  12   \n",
      "1             0  ...        0         0           0         4  2019  7  19   \n",
      "2             0  ...        0         0           0         5  2019  7  22   \n",
      "3             0  ...        0         0           1         9  2019  7  22   \n",
      "4             0  ...        0         0           0         8  2019  7  22   \n",
      "...         ...  ...      ...       ...         ...       ...   ... ..  ..   \n",
      "129288       36  ...        5         0           6        11  2020  7  31   \n",
      "129289       36  ...        9         0           6        11  2020  7  31   \n",
      "129290       36  ...        1         0           3        11  2020  7  31   \n",
      "129291       18  ...        0         0           0        11  2020  7  31   \n",
      "129292       10  ...        0         0           0        11  2020  7  31   \n",
      "\n",
      "        요일  계절      불쾌지수  \n",
      "0        4   1  71.95334  \n",
      "1        4   1  78.29482  \n",
      "2        0   1  77.71272  \n",
      "3        0   1  75.52576  \n",
      "4        0   1  75.85082  \n",
      "...     ..  ..       ...  \n",
      "129288   4   1  75.72288  \n",
      "129289   4   1  75.72288  \n",
      "129290   4   1  76.33244  \n",
      "129291   4   1  76.82760  \n",
      "129292   4   1  77.11012  \n",
      "\n",
      "[129293 rows x 29 columns]\n"
     ]
    }
   ],
   "source": [
    "data = pd.read_csv('final_data.csv')\n",
    "print(data)"
   ]
  },
  {
   "cell_type": "markdown",
   "id": "97954377",
   "metadata": {},
   "source": [
    "## 상관분석"
   ]
  },
  {
   "cell_type": "code",
   "execution_count": null,
   "id": "5454f5a2",
   "metadata": {},
   "outputs": [],
   "source": [
    "'''\n",
    "1. 전체 컬럼 상관분석\n",
    "2. 지역별 날씨 컬럼과 가장 많은 배달의 상관분석\n",
    "3. 강수 유형별 날씨 컬럼과 가장 많은 배달의 상관분석\n",
    "* 기본적으로 년도 나누어서 하기\n",
    "'''"
   ]
  },
  {
   "cell_type": "markdown",
   "id": "c60cb824",
   "metadata": {},
   "source": [
    "### 1. 서울, 경기, 인천 통합"
   ]
  },
  {
   "cell_type": "markdown",
   "id": "f24f409b",
   "metadata": {},
   "source": [
    "### 1). 컬럼 별 상관분석"
   ]
  },
  {
   "cell_type": "code",
   "execution_count": 23,
   "id": "deeffee5",
   "metadata": {
    "collapsed": true
   },
   "outputs": [
    {
     "name": "stdout",
     "output_type": "stream",
     "text": [
      "광역시도명 컬럼 상관분석 0.5 이상\n",
      "Series([], Name: 광역시도명, dtype: float64)\n",
      "--------------------------------------------------------------------------------\n",
      "시군구명 컬럼 상관분석 0.5 이상\n",
      "Series([], Name: 시군구명, dtype: float64)\n",
      "--------------------------------------------------------------------------------\n",
      "시간대별 시간 컬럼 상관분석 0.5 이상\n",
      "Series([], Name: 시간대별 시간, dtype: float64)\n",
      "--------------------------------------------------------------------------------\n",
      "강수 유형명 컬럼 상관분석 0.5 이상\n",
      "강수량 값    0.512412\n",
      "Name: 강수 유형명, dtype: float64\n",
      "--------------------------------------------------------------------------------\n",
      "습도값 컬럼 상관분석 0.5 이상\n",
      "Series([], Name: 습도값, dtype: float64)\n",
      "--------------------------------------------------------------------------------\n",
      "강수량 값 컬럼 상관분석 0.5 이상\n",
      "강수 유형명    0.512412\n",
      "Name: 강수량 값, dtype: float64\n",
      "--------------------------------------------------------------------------------\n",
      "기온값 컬럼 상관분석 0.5 이상\n",
      "불쾌지수    0.992963\n",
      "Name: 기온값, dtype: float64\n",
      "--------------------------------------------------------------------------------\n",
      "풍속값 컬럼 상관분석 0.5 이상\n",
      "Series([], Name: 풍속값, dtype: float64)\n",
      "--------------------------------------------------------------------------------\n",
      "년도 컬럼 상관분석 0.5 이상\n",
      "Series([], Name: 년도, dtype: float64)\n",
      "--------------------------------------------------------------------------------\n",
      "월 컬럼 상관분석 0.5 이상\n",
      "Series([], Name: 월, dtype: float64)\n",
      "--------------------------------------------------------------------------------\n",
      "일 컬럼 상관분석 0.5 이상\n",
      "Series([], Name: 일, dtype: float64)\n",
      "--------------------------------------------------------------------------------\n",
      "요일 컬럼 상관분석 0.5 이상\n",
      "Series([], Name: 요일, dtype: float64)\n",
      "--------------------------------------------------------------------------------\n",
      "계절 컬럼 상관분석 0.5 이상\n",
      "Series([], Name: 계절, dtype: float64)\n",
      "--------------------------------------------------------------------------------\n",
      "불쾌지수 컬럼 상관분석 0.5 이상\n",
      "기온값    0.992963\n",
      "Name: 불쾌지수, dtype: float64\n",
      "--------------------------------------------------------------------------------\n",
      "가장 많은 배달 컬럼 상관분석 0.5 이상\n",
      "Series([], Name: 가장 많은 배달, dtype: float64)\n",
      "--------------------------------------------------------------------------------\n"
     ]
    }
   ],
   "source": [
    "a = ['광역시도명','시군구명','시간대별 시간','강수 유형명','습도값','강수량 값','기온값','풍속값','년도','월','일','요일','계절', '불쾌지수', '가장 많은 배달']\n",
    "total_1 = data[a]\n",
    "\n",
    "## 상관분석\n",
    "x = total_1.corr()\n",
    "# print(x)\n",
    "\n",
    "## 각 컬럼별 0.5 이상 혹은 -0.5 이하인 것 추출\n",
    "for i in a:\n",
    "    r = x[i]\n",
    "    r = r.drop(index = i)\n",
    "    t = r[r>=0.5]\n",
    "    print(f'{i} 컬럼 상관분석 0.5 이상')\n",
    "    print(t)\n",
    "    print('-'*80)\n",
    "\n",
    "## 결과\n",
    "'''\n",
    "1. 강수 유형과 강수량값은 서로 상관 관계 있음\n",
    "2. 기온값과 불쾌지수는 아주 강한 상관 관계 있음\n",
    "3. 모델링 하는데 더욱 필요로 하는 강수 유형과 기온값을 채택 \n",
    "'''"
   ]
  },
  {
   "cell_type": "markdown",
   "id": "feb8f6e2",
   "metadata": {},
   "source": [
    "### 2). 최종 모델링에 사용 되었던 컬럼 별 상관분석"
   ]
  },
  {
   "cell_type": "code",
   "execution_count": 24,
   "id": "5a8a4999",
   "metadata": {
    "collapsed": true
   },
   "outputs": [
    {
     "name": "stdout",
     "output_type": "stream",
     "text": [
      "시군구명 컬럼 상관분석 0.5 이상\n",
      "Series([], Name: 시군구명, dtype: float64)\n",
      "--------------------------------------------------------------------------------\n",
      "시간대별 시간 컬럼 상관분석 0.5 이상\n",
      "Series([], Name: 시간대별 시간, dtype: float64)\n",
      "--------------------------------------------------------------------------------\n",
      "강수 유형명 컬럼 상관분석 0.5 이상\n",
      "Series([], Name: 강수 유형명, dtype: float64)\n",
      "--------------------------------------------------------------------------------\n",
      "습도값 컬럼 상관분석 0.5 이상\n",
      "Series([], Name: 습도값, dtype: float64)\n",
      "--------------------------------------------------------------------------------\n",
      "기온값 컬럼 상관분석 0.5 이상\n",
      "Series([], Name: 기온값, dtype: float64)\n",
      "--------------------------------------------------------------------------------\n",
      "풍속값 컬럼 상관분석 0.5 이상\n",
      "Series([], Name: 풍속값, dtype: float64)\n",
      "--------------------------------------------------------------------------------\n",
      "년도 컬럼 상관분석 0.5 이상\n",
      "Series([], Name: 년도, dtype: float64)\n",
      "--------------------------------------------------------------------------------\n",
      "월 컬럼 상관분석 0.5 이상\n",
      "Series([], Name: 월, dtype: float64)\n",
      "--------------------------------------------------------------------------------\n",
      "일 컬럼 상관분석 0.5 이상\n",
      "Series([], Name: 일, dtype: float64)\n",
      "--------------------------------------------------------------------------------\n",
      "요일 컬럼 상관분석 0.5 이상\n",
      "Series([], Name: 요일, dtype: float64)\n",
      "--------------------------------------------------------------------------------\n",
      "계절 컬럼 상관분석 0.5 이상\n",
      "Series([], Name: 계절, dtype: float64)\n",
      "--------------------------------------------------------------------------------\n",
      "가장 많은 배달 컬럼 상관분석 0.5 이상\n",
      "Series([], Name: 가장 많은 배달, dtype: float64)\n",
      "--------------------------------------------------------------------------------\n"
     ]
    },
    {
     "data": {
      "text/plain": [
       "'\\n\\n'"
      ]
     },
     "execution_count": 24,
     "metadata": {},
     "output_type": "execute_result"
    }
   ],
   "source": [
    "a = ['시군구명','시간대별 시간','강수 유형명','습도값','기온값','풍속값',\n",
    "     '년도','월','일','요일','계절','가장 많은 배달']\n",
    "total_2 = data[a]\n",
    "\n",
    "## 상관분석 \n",
    "x = total_2.corr()\n",
    "\n",
    "## 각 컬럼별 0.5 이상 혹은 -0.5 이하인 것 추출\n",
    "for i in a:\n",
    "    r = x[i]\n",
    "    r = r.drop(index = i)\n",
    "    t = r[r>=0.5]\n",
    "    print(f'{i} 컬럼 상관분석 0.5 이상')\n",
    "    print(t)\n",
    "    print('-'*80)\n",
    "    \n",
    "## 결과 \n",
    "'''\n",
    "1. 각 컬럼별 상관 관계가 있는 것이 없음 모든 컬럼 사용 \n",
    "'''"
   ]
  },
  {
   "cell_type": "markdown",
   "id": "b3f71671",
   "metadata": {},
   "source": [
    "### 3). 지역별 상관분석"
   ]
  },
  {
   "cell_type": "code",
   "execution_count": 12,
   "id": "8b631b5f",
   "metadata": {
    "collapsed": true
   },
   "outputs": [
    {
     "name": "stdout",
     "output_type": "stream",
     "text": [
      "서울_2019_2지역 상관분석\n",
      "           시간대별 시간    강수 유형명       습도값       기온값       풍속값         월  \\\n",
      "시간대별 시간   1.000000  0.024390  0.217109 -0.061543 -0.092518 -0.062205   \n",
      "강수 유형명    0.024390  1.000000  0.228986  0.076886  0.052806 -0.038611   \n",
      "습도값       0.217109  0.228986  1.000000  0.451649 -0.248868 -0.385895   \n",
      "기온값      -0.061543  0.076886  0.451649  1.000000 -0.018508 -0.905511   \n",
      "풍속값      -0.092518  0.052806 -0.248868 -0.018508  1.000000 -0.019299   \n",
      "월        -0.062205 -0.038611 -0.385895 -0.905511 -0.019299  1.000000   \n",
      "일         0.011268 -0.047168 -0.016820 -0.121132  0.031279 -0.024581   \n",
      "요일       -0.019051  0.015705  0.070652  0.031478 -0.046526 -0.008420   \n",
      "가장 많은 배달 -0.080904  0.017493  0.043681  0.208070  0.001157 -0.178432   \n",
      "\n",
      "                 일        요일  가장 많은 배달  \n",
      "시간대별 시간   0.011268 -0.019051 -0.080904  \n",
      "강수 유형명   -0.047168  0.015705  0.017493  \n",
      "습도값      -0.016820  0.070652  0.043681  \n",
      "기온값      -0.121132  0.031478  0.208070  \n",
      "풍속값       0.031279 -0.046526  0.001157  \n",
      "월        -0.024581 -0.008420 -0.178432  \n",
      "일         1.000000 -0.001032 -0.009334  \n",
      "요일       -0.001032  1.000000 -0.021108  \n",
      "가장 많은 배달 -0.009334 -0.021108  1.000000  \n",
      "--------------------------------------------------------------------------------\n",
      "서울_2019_3지역 상관분석\n",
      "           시간대별 시간    강수 유형명       습도값       기온값       풍속값         월  \\\n",
      "시간대별 시간   1.000000  0.051511  0.113596 -0.077789 -0.037880  0.010127   \n",
      "강수 유형명    0.051511  1.000000  0.311727  0.085709  0.053258 -0.093188   \n",
      "습도값       0.113596  0.311727  1.000000  0.451941 -0.004384 -0.457409   \n",
      "기온값      -0.077789  0.085709  0.451941  1.000000  0.104794 -0.915438   \n",
      "풍속값      -0.037880  0.053258 -0.004384  0.104794  1.000000 -0.148838   \n",
      "월         0.010127 -0.093188 -0.457409 -0.915438 -0.148838  1.000000   \n",
      "일        -0.017363 -0.061472 -0.010137 -0.065852  0.063193 -0.148158   \n",
      "요일       -0.025826  0.030651  0.059757  0.033790 -0.005731 -0.010650   \n",
      "가장 많은 배달  0.109323  0.008363 -0.012077 -0.124593  0.033211  0.101484   \n",
      "\n",
      "                 일        요일  가장 많은 배달  \n",
      "시간대별 시간  -0.017363 -0.025826  0.109323  \n",
      "강수 유형명   -0.061472  0.030651  0.008363  \n",
      "습도값      -0.010137  0.059757 -0.012077  \n",
      "기온값      -0.065852  0.033790 -0.124593  \n",
      "풍속값       0.063193 -0.005731  0.033211  \n",
      "월        -0.148158 -0.010650  0.101484  \n",
      "일         1.000000 -0.031322  0.007689  \n",
      "요일       -0.031322  1.000000 -0.007052  \n",
      "가장 많은 배달  0.007689 -0.007052  1.000000  \n",
      "--------------------------------------------------------------------------------\n",
      "서울_2019_9지역 상관분석\n",
      "           시간대별 시간    강수 유형명       습도값       기온값       풍속값         월  \\\n",
      "시간대별 시간   1.000000  0.018829  0.353830 -0.105481 -0.150761 -0.007432   \n",
      "강수 유형명    0.018829  1.000000  0.226646  0.069284  0.096819 -0.093323   \n",
      "습도값       0.353830  0.226646  1.000000  0.374257 -0.126488 -0.396529   \n",
      "기온값      -0.105481  0.069284  0.374257  1.000000  0.232649 -0.909195   \n",
      "풍속값      -0.150761  0.096819 -0.126488  0.232649  1.000000 -0.217179   \n",
      "월        -0.007432 -0.093323 -0.396529 -0.909195 -0.217179  1.000000   \n",
      "일        -0.008112 -0.034839 -0.011296 -0.066876 -0.003689 -0.128762   \n",
      "요일       -0.011065  0.004914  0.016792  0.015212 -0.019774  0.011274   \n",
      "가장 많은 배달  0.168205  0.018328  0.004642 -0.070231  0.008380  0.055513   \n",
      "\n",
      "                 일        요일  가장 많은 배달  \n",
      "시간대별 시간  -0.008112 -0.011065  0.168205  \n",
      "강수 유형명   -0.034839  0.004914  0.018328  \n",
      "습도값      -0.011296  0.016792  0.004642  \n",
      "기온값      -0.066876  0.015212 -0.070231  \n",
      "풍속값      -0.003689 -0.019774  0.008380  \n",
      "월        -0.128762  0.011274  0.055513  \n",
      "일         1.000000 -0.008126 -0.016222  \n",
      "요일       -0.008126  1.000000 -0.087649  \n",
      "가장 많은 배달 -0.016222 -0.087649  1.000000  \n",
      "--------------------------------------------------------------------------------\n",
      "서울_2019_12지역 상관분석\n",
      "           시간대별 시간    강수 유형명       습도값       기온값       풍속값         월  \\\n",
      "시간대별 시간   1.000000  0.036809  0.108470 -0.105316 -0.092644 -0.025466   \n",
      "강수 유형명    0.036809  1.000000  0.164071  0.126346  0.019070 -0.120418   \n",
      "습도값       0.108470  0.164071  1.000000  0.431835 -0.016292 -0.367201   \n",
      "기온값      -0.105316  0.126346  0.431835  1.000000 -0.082127 -0.901207   \n",
      "풍속값      -0.092644  0.019070 -0.016292 -0.082127  1.000000  0.064792   \n",
      "월        -0.025466 -0.120418 -0.367201 -0.901207  0.064792  1.000000   \n",
      "일         0.001097 -0.033933  0.015363 -0.072761  0.045486 -0.127555   \n",
      "요일       -0.010448 -0.014045  0.044921  0.040297  0.014776 -0.016658   \n",
      "가장 많은 배달 -0.065893  0.065515  0.201898  0.499086 -0.029413 -0.545702   \n",
      "\n",
      "                 일        요일  가장 많은 배달  \n",
      "시간대별 시간   0.001097 -0.010448 -0.065893  \n",
      "강수 유형명   -0.033933 -0.014045  0.065515  \n",
      "습도값       0.015363  0.044921  0.201898  \n",
      "기온값      -0.072761  0.040297  0.499086  \n",
      "풍속값       0.045486  0.014776 -0.029413  \n",
      "월        -0.127555 -0.016658 -0.545702  \n",
      "일         1.000000 -0.007734  0.051547  \n",
      "요일       -0.007734  1.000000  0.078339  \n",
      "가장 많은 배달  0.051547  0.078339  1.000000  \n",
      "--------------------------------------------------------------------------------\n",
      "서울_2019_16지역 상관분석\n",
      "           시간대별 시간    강수 유형명       습도값       기온값       풍속값         월  \\\n",
      "시간대별 시간   1.000000  0.015540  0.272592 -0.096755 -0.144657 -0.023711   \n",
      "강수 유형명    0.015540  1.000000  0.300854  0.065492  0.069483 -0.069071   \n",
      "습도값       0.272592  0.300854  1.000000  0.316572 -0.157151 -0.327160   \n",
      "기온값      -0.096755  0.065492  0.316572  1.000000  0.010567 -0.910098   \n",
      "풍속값      -0.144657  0.069483 -0.157151  0.010567  1.000000 -0.010942   \n",
      "월        -0.023711 -0.069071 -0.327160 -0.910098 -0.010942  1.000000   \n",
      "일         0.040012 -0.024583  0.023644 -0.067803  0.012387 -0.141495   \n",
      "요일       -0.019286  0.025264  0.036802  0.035123 -0.004553 -0.017163   \n",
      "가장 많은 배달 -0.024068 -0.014680 -0.038431 -0.058727  0.003202  0.054501   \n",
      "\n",
      "                 일        요일  가장 많은 배달  \n",
      "시간대별 시간   0.040012 -0.019286 -0.024068  \n",
      "강수 유형명   -0.024583  0.025264 -0.014680  \n",
      "습도값       0.023644  0.036802 -0.038431  \n",
      "기온값      -0.067803  0.035123 -0.058727  \n",
      "풍속값       0.012387 -0.004553  0.003202  \n",
      "월        -0.141495 -0.017163  0.054501  \n",
      "일         1.000000  0.001003  0.026725  \n",
      "요일        0.001003  1.000000  0.045429  \n",
      "가장 많은 배달  0.026725  0.045429  1.000000  \n",
      "--------------------------------------------------------------------------------\n",
      "서울_2019_24지역 상관분석\n",
      "           시간대별 시간    강수 유형명       습도값       기온값       풍속값         월  \\\n",
      "시간대별 시간   1.000000  0.034890  0.210363 -0.110594 -0.112737  0.005138   \n",
      "강수 유형명    0.034890  1.000000  0.254091  0.048386  0.034767 -0.005551   \n",
      "습도값       0.210363  0.254091  1.000000  0.433711 -0.225535 -0.366390   \n",
      "기온값      -0.110594  0.048386  0.433711  1.000000 -0.002137 -0.910004   \n",
      "풍속값      -0.112737  0.034767 -0.225535 -0.002137  1.000000 -0.015722   \n",
      "월         0.005138 -0.005551 -0.366390 -0.910004 -0.015722  1.000000   \n",
      "일        -0.006949 -0.032931 -0.024326 -0.120069 -0.023490  0.000298   \n",
      "요일       -0.013350 -0.000506  0.037689  0.024640 -0.003773 -0.004906   \n",
      "가장 많은 배달 -0.170060  0.022321  0.131379  0.383169  0.012106 -0.343322   \n",
      "\n",
      "                 일        요일  가장 많은 배달  \n",
      "시간대별 시간  -0.006949 -0.013350 -0.170060  \n",
      "강수 유형명   -0.032931 -0.000506  0.022321  \n",
      "습도값      -0.024326  0.037689  0.131379  \n",
      "기온값      -0.120069  0.024640  0.383169  \n",
      "풍속값      -0.023490 -0.003773  0.012106  \n",
      "월         0.000298 -0.004906 -0.343322  \n",
      "일         1.000000  0.014683 -0.079903  \n",
      "요일        0.014683  1.000000 -0.019230  \n",
      "가장 많은 배달 -0.079903 -0.019230  1.000000  \n",
      "--------------------------------------------------------------------------------\n",
      "서울_2019_35지역 상관분석\n",
      "           시간대별 시간    강수 유형명       습도값       기온값       풍속값         월  \\\n",
      "시간대별 시간   1.000000  0.027151  0.238010 -0.086171 -0.198108 -0.016729   \n",
      "강수 유형명    0.027151  1.000000  0.319685  0.066608  0.030819 -0.072066   \n",
      "습도값       0.238010  0.319685  1.000000  0.404547 -0.069474 -0.420293   \n",
      "기온값      -0.086171  0.066608  0.404547  1.000000  0.059486 -0.918140   \n",
      "풍속값      -0.198108  0.030819 -0.069474  0.059486  1.000000 -0.071215   \n",
      "월        -0.016729 -0.072066 -0.420293 -0.918140 -0.071215  1.000000   \n",
      "일        -0.000862 -0.054788 -0.010245 -0.055195  0.033506 -0.133113   \n",
      "요일       -0.005506  0.019481  0.032749  0.041713 -0.023291 -0.023610   \n",
      "가장 많은 배달 -0.105874 -0.006355 -0.022923  0.107127  0.081438 -0.100890   \n",
      "\n",
      "                 일        요일  가장 많은 배달  \n",
      "시간대별 시간  -0.000862 -0.005506 -0.105874  \n",
      "강수 유형명   -0.054788  0.019481 -0.006355  \n",
      "습도값      -0.010245  0.032749 -0.022923  \n",
      "기온값      -0.055195  0.041713  0.107127  \n",
      "풍속값       0.033506 -0.023291  0.081438  \n",
      "월        -0.133113 -0.023610 -0.100890  \n",
      "일         1.000000 -0.023081  0.050756  \n",
      "요일       -0.023081  1.000000  0.019537  \n",
      "가장 많은 배달  0.050756  0.019537  1.000000  \n",
      "--------------------------------------------------------------------------------\n",
      "서울_2019_37지역 상관분석\n",
      "           시간대별 시간    강수 유형명       습도값       기온값       풍속값         월  \\\n",
      "시간대별 시간   1.000000  0.015181  0.184207 -0.113822 -0.037384  0.015643   \n",
      "강수 유형명    0.015181  1.000000  0.352317  0.110219  0.089106 -0.102911   \n",
      "습도값       0.184207  0.352317  1.000000  0.419294 -0.065943 -0.412503   \n",
      "기온값      -0.113822  0.110219  0.419294  1.000000 -0.082440 -0.907353   \n",
      "풍속값      -0.037384  0.089106 -0.065943 -0.082440  1.000000  0.135707   \n",
      "월         0.015643 -0.102911 -0.412503 -0.907353  0.135707  1.000000   \n",
      "일        -0.004568 -0.024126 -0.009535 -0.076543  0.000840 -0.106269   \n",
      "요일       -0.013121 -0.009226  0.014526  0.029488  0.037309 -0.001355   \n",
      "가장 많은 배달  0.039697  0.023109 -0.012708 -0.059936  0.026463  0.056796   \n",
      "\n",
      "                 일        요일  가장 많은 배달  \n",
      "시간대별 시간  -0.004568 -0.013121  0.039697  \n",
      "강수 유형명   -0.024126 -0.009226  0.023109  \n",
      "습도값      -0.009535  0.014526 -0.012708  \n",
      "기온값      -0.076543  0.029488 -0.059936  \n",
      "풍속값       0.000840  0.037309  0.026463  \n",
      "월        -0.106269 -0.001355  0.056796  \n",
      "일         1.000000 -0.011164 -0.066638  \n",
      "요일       -0.011164  1.000000  0.033642  \n",
      "가장 많은 배달 -0.066638  0.033642  1.000000  \n",
      "--------------------------------------------------------------------------------\n",
      "--------------------------------------------------------------------------------\n",
      "서울_2020_2지역 상관분석\n",
      "           시간대별 시간    강수 유형명       습도값       기온값       풍속값         월  \\\n",
      "시간대별 시간   1.000000  0.056517  0.223027 -0.050943 -0.129101  0.050379   \n",
      "강수 유형명    0.056517  1.000000  0.276461  0.067066  0.055413  0.054525   \n",
      "습도값       0.223027  0.276461  1.000000  0.286464 -0.160318  0.298624   \n",
      "기온값      -0.050943  0.067066  0.286464  1.000000 -0.040418  0.905738   \n",
      "풍속값      -0.129101  0.055413 -0.160318 -0.040418  1.000000 -0.014004   \n",
      "월         0.050379  0.054525  0.298624  0.905738 -0.014004  1.000000   \n",
      "일         0.006166  0.031862  0.052647  0.157315  0.016324  0.009913   \n",
      "요일       -0.029542 -0.091557  0.059581  0.015711  0.060417  0.001182   \n",
      "가장 많은 배달  0.019633  0.069414 -0.024872 -0.111804 -0.028781 -0.110582   \n",
      "\n",
      "                 일        요일  가장 많은 배달  \n",
      "시간대별 시간   0.006166 -0.029542  0.019633  \n",
      "강수 유형명    0.031862 -0.091557  0.069414  \n",
      "습도값       0.052647  0.059581 -0.024872  \n",
      "기온값       0.157315  0.015711 -0.111804  \n",
      "풍속값       0.016324  0.060417 -0.028781  \n",
      "월         0.009913  0.001182 -0.110582  \n",
      "일         1.000000 -0.013056  0.016539  \n",
      "요일       -0.013056  1.000000 -0.058138  \n",
      "가장 많은 배달  0.016539 -0.058138  1.000000  \n",
      "--------------------------------------------------------------------------------\n",
      "서울_2020_3지역 상관분석\n",
      "               시간대별 시간    강수 유형명       습도값       기온값       풍속값         월  \\\n",
      "시간대별 시간   1.000000e+00  0.010227  0.148720 -0.017663 -0.054006  0.038106   \n",
      "강수 유형명    1.022711e-02  1.000000  0.293974  0.053404  0.080959  0.064771   \n",
      "습도값       1.487201e-01  0.293974  1.000000  0.304317  0.004606  0.323978   \n",
      "기온값      -1.766259e-02  0.053404  0.304317  1.000000  0.010383  0.929315   \n",
      "풍속값      -5.400611e-02  0.080959  0.004606  0.010383  1.000000  0.066110   \n",
      "월         3.810583e-02  0.064771  0.323978  0.929315  0.066110  1.000000   \n",
      "일         1.912019e-07 -0.003690  0.081138  0.208711 -0.041736  0.090098   \n",
      "요일        1.354316e-02 -0.018409  0.087130 -0.023716  0.035333 -0.034545   \n",
      "가장 많은 배달  2.714434e-01  0.024065  0.109746  0.059355 -0.090394  0.078843   \n",
      "\n",
      "                     일        요일  가장 많은 배달  \n",
      "시간대별 시간   1.912019e-07  0.013543  0.271443  \n",
      "강수 유형명   -3.690123e-03 -0.018409  0.024065  \n",
      "습도값       8.113810e-02  0.087130  0.109746  \n",
      "기온값       2.087114e-01 -0.023716  0.059355  \n",
      "풍속값      -4.173638e-02  0.035333 -0.090394  \n",
      "월         9.009827e-02 -0.034545  0.078843  \n",
      "일         1.000000e+00 -0.006314 -0.065189  \n",
      "요일       -6.313971e-03  1.000000  0.086436  \n",
      "가장 많은 배달 -6.518874e-02  0.086436  1.000000  \n",
      "--------------------------------------------------------------------------------\n",
      "서울_2020_9지역 상관분석\n",
      "           시간대별 시간    강수 유형명       습도값       기온값       풍속값         월  \\\n",
      "시간대별 시간   1.000000  0.003020  0.358575 -0.214910 -0.249701 -0.079222   \n",
      "강수 유형명    0.003020  1.000000  0.257673  0.032588  0.163645  0.049281   \n",
      "습도값       0.358575  0.257673  1.000000  0.141765 -0.082190  0.248312   \n",
      "기온값      -0.214910  0.032588  0.141765  1.000000  0.221987  0.905465   \n",
      "풍속값      -0.249701  0.163645 -0.082190  0.221987  1.000000  0.243003   \n",
      "월        -0.079222  0.049281  0.248312  0.905465  0.243003  1.000000   \n",
      "일        -0.010772  0.038577  0.044219  0.132255  0.025098  0.007765   \n",
      "요일       -0.008732 -0.082573  0.052008  0.027630 -0.008689 -0.000509   \n",
      "가장 많은 배달  0.156124  0.020792 -0.003403 -0.033319 -0.039630 -0.030486   \n",
      "\n",
      "                 일        요일  가장 많은 배달  \n",
      "시간대별 시간  -0.010772 -0.008732  0.156124  \n",
      "강수 유형명    0.038577 -0.082573  0.020792  \n",
      "습도값       0.044219  0.052008 -0.003403  \n",
      "기온값       0.132255  0.027630 -0.033319  \n",
      "풍속값       0.025098 -0.008689 -0.039630  \n",
      "월         0.007765 -0.000509 -0.030486  \n",
      "일         1.000000 -0.000643 -0.029867  \n",
      "요일       -0.000643  1.000000 -0.116769  \n",
      "가장 많은 배달 -0.029867 -0.116769  1.000000  \n",
      "--------------------------------------------------------------------------------\n",
      "서울_2020_12지역 상관분석\n",
      "           시간대별 시간    강수 유형명       습도값       기온값       풍속값         월  \\\n",
      "시간대별 시간   1.000000  0.014400  0.124035 -0.131746 -0.113599 -0.009304   \n",
      "강수 유형명    0.014400  1.000000  0.272467  0.086798 -0.010734  0.071090   \n",
      "습도값       0.124035  0.272467  1.000000  0.230259 -0.166045  0.223347   \n",
      "기온값      -0.131746  0.086798  0.230259  1.000000 -0.070944  0.902453   \n",
      "풍속값      -0.113599 -0.010734 -0.166045 -0.070944  1.000000 -0.059493   \n",
      "월        -0.009304  0.071090  0.223347  0.902453 -0.059493  1.000000   \n",
      "일         0.000883  0.047155  0.028527  0.141741  0.017158  0.003534   \n",
      "요일       -0.012588 -0.063188  0.099655  0.025848  0.020385 -0.006178   \n",
      "가장 많은 배달 -0.200682 -0.013873 -0.062701  0.158854 -0.001879  0.114760   \n",
      "\n",
      "                 일        요일  가장 많은 배달  \n",
      "시간대별 시간   0.000883 -0.012588 -0.200682  \n",
      "강수 유형명    0.047155 -0.063188 -0.013873  \n",
      "습도값       0.028527  0.099655 -0.062701  \n",
      "기온값       0.141741  0.025848  0.158854  \n",
      "풍속값       0.017158  0.020385 -0.001879  \n",
      "월         0.003534 -0.006178  0.114760  \n",
      "일         1.000000 -0.003896 -0.010196  \n",
      "요일       -0.003896  1.000000  0.112582  \n",
      "가장 많은 배달 -0.010196  0.112582  1.000000  \n",
      "--------------------------------------------------------------------------------\n",
      "서울_2020_16지역 상관분석\n",
      "           시간대별 시간    강수 유형명       습도값       기온값       풍속값         월  \\\n",
      "시간대별 시간   1.000000  0.003250  0.357278 -0.211639 -0.367470 -0.046645   \n",
      "강수 유형명    0.003250  1.000000  0.318299 -0.004709  0.053229  0.015808   \n",
      "습도값       0.357278  0.318299  1.000000  0.150297 -0.257169  0.292713   \n",
      "기온값      -0.211639 -0.004709  0.150297  1.000000  0.050333  0.890374   \n",
      "풍속값      -0.367470  0.053229 -0.257169  0.050333  1.000000  0.016818   \n",
      "월        -0.046645  0.015808  0.292713  0.890374  0.016818  1.000000   \n",
      "일         0.005536  0.021942  0.057416  0.135642 -0.019403  0.008276   \n",
      "요일       -0.004140 -0.048551  0.066668  0.034624  0.009569  0.006664   \n",
      "가장 많은 배달 -0.117245 -0.011427 -0.094279 -0.040025  0.074419 -0.047800   \n",
      "\n",
      "                 일        요일  가장 많은 배달  \n",
      "시간대별 시간   0.005536 -0.004140 -0.117245  \n",
      "강수 유형명    0.021942 -0.048551 -0.011427  \n",
      "습도값       0.057416  0.066668 -0.094279  \n",
      "기온값       0.135642  0.034624 -0.040025  \n",
      "풍속값      -0.019403  0.009569  0.074419  \n",
      "월         0.008276  0.006664 -0.047800  \n",
      "일         1.000000  0.014819 -0.044125  \n",
      "요일        0.014819  1.000000 -0.028473  \n",
      "가장 많은 배달 -0.044125 -0.028473  1.000000  \n",
      "--------------------------------------------------------------------------------\n",
      "서울_2020_24지역 상관분석\n",
      "           시간대별 시간    강수 유형명       습도값       기온값       풍속값         월  \\\n",
      "시간대별 시간   1.000000  0.008660  0.311913  0.096865 -0.329430  0.195193   \n",
      "강수 유형명    0.008660  1.000000  0.303590  0.241003  0.149659  0.304137   \n",
      "습도값       0.311913  0.303590  1.000000  0.213756 -0.313824  0.272357   \n",
      "기온값       0.096865  0.241003  0.213756  1.000000  0.263336  0.969492   \n",
      "풍속값      -0.329430  0.149659 -0.313824  0.263336  1.000000  0.262543   \n",
      "월         0.195193  0.304137  0.272357  0.969492  0.262543  1.000000   \n",
      "일        -0.104437  0.123852  0.050244  0.633088  0.131460  0.569741   \n",
      "요일        0.189890  0.118932  0.009157  0.492152  0.193573  0.543740   \n",
      "가장 많은 배달  0.284208  0.040483  0.210755  0.104185 -0.074509  0.132230   \n",
      "\n",
      "                 일        요일  가장 많은 배달  \n",
      "시간대별 시간  -0.104437  0.189890  0.284208  \n",
      "강수 유형명    0.123852  0.118932  0.040483  \n",
      "습도값       0.050244  0.009157  0.210755  \n",
      "기온값       0.633088  0.492152  0.104185  \n",
      "풍속값       0.131460  0.193573 -0.074509  \n",
      "월         0.569741  0.543740  0.132230  \n",
      "일         1.000000  0.419662 -0.218693  \n",
      "요일        0.419662  1.000000  0.077974  \n",
      "가장 많은 배달 -0.218693  0.077974  1.000000  \n",
      "--------------------------------------------------------------------------------\n",
      "서울_2020_35지역 상관분석\n",
      "           시간대별 시간    강수 유형명       습도값       기온값       풍속값         월  \\\n",
      "시간대별 시간   1.000000  0.015128  0.306001 -0.291582 -0.292659 -0.140121   \n",
      "강수 유형명    0.015128  1.000000  0.315086  0.010951  0.028833  0.044824   \n",
      "습도값       0.306001  0.315086  1.000000  0.025809 -0.163523  0.171319   \n",
      "기온값      -0.291582  0.010951  0.025809  1.000000  0.121937  0.906548   \n",
      "풍속값      -0.292659  0.028833 -0.163523  0.121937  1.000000  0.113573   \n",
      "월        -0.140121  0.044824  0.171319  0.906548  0.113573  1.000000   \n",
      "일        -0.017762  0.016319  0.032543  0.125698 -0.023626  0.013988   \n",
      "요일       -0.025365 -0.083552  0.056197  0.036028  0.032113  0.003461   \n",
      "가장 많은 배달 -0.199216 -0.014873 -0.062879  0.192841  0.148067  0.141236   \n",
      "\n",
      "                 일        요일  가장 많은 배달  \n",
      "시간대별 시간  -0.017762 -0.025365 -0.199216  \n",
      "강수 유형명    0.016319 -0.083552 -0.014873  \n",
      "습도값       0.032543  0.056197 -0.062879  \n",
      "기온값       0.125698  0.036028  0.192841  \n",
      "풍속값      -0.023626  0.032113  0.148067  \n",
      "월         0.013988  0.003461  0.141236  \n",
      "일         1.000000  0.001636 -0.028965  \n",
      "요일        0.001636  1.000000  0.061366  \n",
      "가장 많은 배달 -0.028965  0.061366  1.000000  \n",
      "--------------------------------------------------------------------------------\n",
      "서울_2020_37지역 상관분석\n",
      "           시간대별 시간    강수 유형명       습도값       기온값       풍속값         월  \\\n",
      "시간대별 시간   1.000000 -0.009087  0.189927 -0.119384 -0.147423 -0.022901   \n",
      "강수 유형명   -0.009087  1.000000  0.368157  0.092397  0.161179  0.086867   \n",
      "습도값       0.189927  0.368157  1.000000  0.215199 -0.157725  0.272324   \n",
      "기온값      -0.119384  0.092397  0.215199  1.000000 -0.106934  0.906188   \n",
      "풍속값      -0.147423  0.161179 -0.157725 -0.106934  1.000000 -0.130727   \n",
      "월        -0.022901  0.086867  0.272324  0.906188 -0.130727  1.000000   \n",
      "일         0.001300  0.061500  0.034806  0.141053 -0.055274  0.012920   \n",
      "요일       -0.000121 -0.076349  0.085351  0.020389 -0.025339 -0.002070   \n",
      "가장 많은 배달  0.043774  0.007615  0.057782  0.249779  0.046900  0.248533   \n",
      "\n",
      "                 일        요일  가장 많은 배달  \n",
      "시간대별 시간   0.001300 -0.000121  0.043774  \n",
      "강수 유형명    0.061500 -0.076349  0.007615  \n",
      "습도값       0.034806  0.085351  0.057782  \n",
      "기온값       0.141053  0.020389  0.249779  \n",
      "풍속값      -0.055274 -0.025339  0.046900  \n",
      "월         0.012920 -0.002070  0.248533  \n",
      "일         1.000000 -0.002336  0.023432  \n",
      "요일       -0.002336  1.000000  0.167283  \n",
      "가장 많은 배달  0.023432  0.167283  1.000000  \n",
      "--------------------------------------------------------------------------------\n"
     ]
    }
   ],
   "source": [
    "## 1. 서울\n",
    "a = ['시군구명','시간대별 시간','강수 유형명','습도값','기온값','풍속값','년도','월','일','요일','가장 많은 배달']\n",
    "se = data[data['광역시도명'] == 1][a]\n",
    "\n",
    "# 상관분석 - 2019\n",
    "se_2019 = se[se['년도'] == 2019]\n",
    "region_se_2019 = se_2019['시군구명'].unique()\n",
    "for i in region_se_2019:\n",
    "    x = se_2019[se_2019['시군구명'] == i]\n",
    "    x = x.drop(columns = ['시군구명', '년도'])\n",
    "    y = x.corr()\n",
    "    print(f'서울_2019_{i}지역 상관분석')\n",
    "    print(y)\n",
    "    print('-'*80)\n",
    "\n",
    "    \n",
    "# 상관분석 - 2020\n",
    "se_2020 = se[se['년도'] == 2020]\n",
    "region_se_2020 = se_2020['시군구명'].unique()\n",
    "for i in region_se_2020:\n",
    "    x = se_2020[se_2020['시군구명'] == i]\n",
    "    x = x.drop(columns = ['시군구명','년도'])\n",
    "    y = x.corr()\n",
    "    print(f'서울_2020_{i}지역 상관분석')\n",
    "    print(y)\n",
    "    print('-'*80)"
   ]
  },
  {
   "cell_type": "code",
   "execution_count": 13,
   "id": "2875f5d6",
   "metadata": {
    "collapsed": true
   },
   "outputs": [
    {
     "name": "stdout",
     "output_type": "stream",
     "text": [
      "경기도_2019_4지역 상관분석\n",
      "           시간대별 시간    강수 유형명       습도값       기온값       풍속값         월  \\\n",
      "시간대별 시간   1.000000  0.011284  0.381461 -0.118566 -0.184765 -0.003578   \n",
      "강수 유형명    0.011284  1.000000  0.201587  0.088263  0.054587 -0.040336   \n",
      "습도값       0.381461  0.201587  1.000000  0.316255 -0.440757 -0.332193   \n",
      "기온값      -0.118566  0.088263  0.316255  1.000000 -0.100967 -0.917004   \n",
      "풍속값      -0.184765  0.054587 -0.440757 -0.100967  1.000000  0.147895   \n",
      "월        -0.003578 -0.040336 -0.332193 -0.917004  0.147895  1.000000   \n",
      "일        -0.008830 -0.119225 -0.094377 -0.111666  0.020530 -0.064936   \n",
      "요일        0.001986 -0.000733 -0.013257  0.007527  0.003715  0.002679   \n",
      "가장 많은 배달 -0.369021  0.004699 -0.262748  0.053690  0.165724  0.007384   \n",
      "\n",
      "                 일        요일  가장 많은 배달  \n",
      "시간대별 시간  -0.008830  0.001986 -0.369021  \n",
      "강수 유형명   -0.119225 -0.000733  0.004699  \n",
      "습도값      -0.094377 -0.013257 -0.262748  \n",
      "기온값      -0.111666  0.007527  0.053690  \n",
      "풍속값       0.020530  0.003715  0.165724  \n",
      "월        -0.064936  0.002679  0.007384  \n",
      "일         1.000000  0.039664  0.076704  \n",
      "요일        0.039664  1.000000 -0.097186  \n",
      "가장 많은 배달  0.076704 -0.097186  1.000000  \n",
      "--------------------------------------------------------------------------------\n",
      "경기도_2019_7지역 상관분석\n",
      "           시간대별 시간    강수 유형명       습도값       기온값       풍속값         월  \\\n",
      "시간대별 시간   1.000000  0.018475  0.356270 -0.109386 -0.154392 -0.008339   \n",
      "강수 유형명    0.018475  1.000000  0.225849  0.070217  0.099036 -0.095077   \n",
      "습도값       0.356270  0.225849  1.000000  0.372614 -0.130290 -0.397216   \n",
      "기온값      -0.109386  0.070217  0.372614  1.000000  0.233234 -0.908744   \n",
      "풍속값      -0.154392  0.099036 -0.130290  0.233234  1.000000 -0.216888   \n",
      "월        -0.008339 -0.095077 -0.397216 -0.908744 -0.216888  1.000000   \n",
      "일        -0.003571 -0.033614 -0.010637 -0.067965 -0.002417 -0.129174   \n",
      "요일       -0.004580 -0.001011  0.015387  0.016125 -0.017643  0.007548   \n",
      "가장 많은 배달 -0.096988  0.016358 -0.043091 -0.004917  0.022129 -0.007716   \n",
      "\n",
      "                 일        요일  가장 많은 배달  \n",
      "시간대별 시간  -0.003571 -0.004580 -0.096988  \n",
      "강수 유형명   -0.033614 -0.001011  0.016358  \n",
      "습도값      -0.010637  0.015387 -0.043091  \n",
      "기온값      -0.067965  0.016125 -0.004917  \n",
      "풍속값      -0.002417 -0.017643  0.022129  \n",
      "월        -0.129174  0.007548 -0.007716  \n",
      "일         1.000000 -0.003521  0.017484  \n",
      "요일       -0.003521  1.000000  0.053415  \n",
      "가장 많은 배달  0.017484  0.053415  1.000000  \n",
      "--------------------------------------------------------------------------------\n",
      "경기도_2019_14지역 상관분석\n",
      "           시간대별 시간    강수 유형명       습도값       기온값       풍속값         월  \\\n",
      "시간대별 시간   1.000000  0.030430  0.242144 -0.102313 -0.015486  0.008881   \n",
      "강수 유형명    0.030430  1.000000  0.187511  0.046749  0.076912 -0.007417   \n",
      "습도값       0.242144  0.187511  1.000000  0.363225 -0.158262 -0.314743   \n",
      "기온값      -0.102313  0.046749  0.363225  1.000000  0.128257 -0.914909   \n",
      "풍속값      -0.015486  0.076912 -0.158262  0.128257  1.000000 -0.155298   \n",
      "월         0.008881 -0.007417 -0.314743 -0.914909 -0.155298  1.000000   \n",
      "일         0.008943 -0.009846  0.016939 -0.112231  0.019486 -0.004319   \n",
      "요일       -0.032403 -0.004842  0.032886  0.025678 -0.017204  0.002576   \n",
      "가장 많은 배달 -0.217743  0.006195  0.043138  0.270069  0.014658 -0.231744   \n",
      "\n",
